TF	T328074_2.00
TF Name	SOX17
Gene	ENSG00000164736
Motif	M05896_2.00
Family	Sox
Species	Homo_sapiens
Pos	A	C	G	T
1	0.457	0.063	0.277	0.202
2	0.595	0.095	0.195	0.115
3	0.997	0.001	0.001	0.002
4	0.001	0.994	0.003	0.003
5	0.997	0.001	0.001	0.001
6	0.997	0.001	0.001	0.001
7	0.037	0.001	0.001	0.96
8	0.356	0.079	0.455	0.111
9	0.21	0.182	0.538	0.069
10	0.357	0.205	0.261	0.178


TF	T328074_2.00
TF Name	SOX17
Gene	ENSG00000164736
Motif	M09396_2.00
Family	Sox
Species	Homo_sapiens
Pos	A	C	G	T
1	0.114	0.284	0.426	0.176
2	0.032	0.806	0.092	0.07
3	0.04	0.8	0.004	0.156
4	0.888	0.016	0.004	0.092
5	0.004	0.02	0.01	0.966
6	0.008	0.118	0.112	0.762
7	0.0225	0.0665	0.6205	0.2905
8	0.0285	0.0225	0.0145	0.9345
9	0.1345	0.1365	0.2765	0.4525
10	0.0745	0.2905	0.2285	0.4065
11	0.1305	0.2365	0.1965	0.4365


TF	T328074_2.00
TF Name	SOX17
Gene	ENSG00000164736
Motif	M11323_2.00
Family	Sox
Species	Homo_sapiens
Pos	A	C	G	T


TF	T328074_2.00
TF Name	SOX17
Gene	ENSG00000164736
Motif	M11324_2.00
Family	Sox
Species	Homo_sapiens
Pos	A	C	G	T


TF	T034290_2.00
TF Name	MYC
Gene	ENSG00000136997
Motif	M07799_2.00
Family	bHLH
Species	Homo_sapiens
Pos	A	C	G	T
1	0.267574	0.213152	0.45805	0.061224
2	0.419501	0.14059	0.297052	0.142857
3	0.090703	0.394558	0.485261	0.029478
4	0.0	1.0	0.0	0.0
5	0.977324	0.0	0.022676	0.0
6	0.0	0.922902	0.006803	0.070295
7	0.181406	0.0	0.818594	0.0
8	0.056689	0.129252	0.0	0.814059
9	0.0	0.0	0.965986	0.034014
10	0.049887	0.115646	0.671202	0.163265


TF	T034290_2.00
TF Name	MYC
Gene	ENSG00000136997
Motif	M07800_2.00
Family	bHLH
Species	Homo_sapiens
Pos	A	C	G	T
1	0.186603	0.212919	0.45933	0.141148
2	0.389952	0.334928	0.143541	0.131579
3	0.110048	0.385167	0.449761	0.055024
4	0.028708	0.971292	0.0	0.0
5	0.997608	0.0	0.002392	0.0
6	0.0	1.0	0.0	0.0
7	0.215311	0.0	0.784689	0.0
8	0.038278	0.133971	0.0	0.827751
9	0.0	0.0	1.0	0.0
10	0.002392	0.095694	0.741627	0.160287
11	0.119617	0.471292	0.174641	0.23445


TF	T034290_2.00
TF Name	MYC
Gene	ENSG00000136997
Motif	M07801_2.00
Family	bHLH
Species	Homo_sapiens
Pos	A	C	G	T
1	0.246479	0.171362	0.474178	0.107981
2	0.34037565962434	0.241783758216242	0.251173748826251	0.166666833333167
3	0.201878	0.347418	0.394366	0.056338
4	0.0	1.0	0.0	0.0
5	1.0	0.0	0.0	0.0
6	0.0	0.943662	0.0	0.056338
7	0.150235	0.0	0.849765	0.0
8	0.0868540868540869	0.197183197183197	0.0	0.715962715962716
9	0.0	0.0	0.967136	0.032864
10	0.0	0.115023115023115	0.8004698004698	0.0845070845070845
11	0.15962415962416	0.42957742957743	0.194836194836195	0.215962215962216


TF	T034290_2.00
TF Name	MYC
Gene	ENSG00000136997
Motif	M07802_2.00
Family	bHLH
Species	Homo_sapiens
Pos	A	C	G	T
1	0.27015272984727	0.261437738562261	0.344226655773344	0.124182875817124
2	0.0326799673200327	0.57952042047958	0.335511664488336	0.0522879477120523
3	0.04793	0.95207	0.0	0.0
4	0.666666333333667	0.0	0.244008755991244	0.0893249106750893
5	0.0	0.986928	0.0	0.013072
6	0.204793	0.0	0.795207	0.0
7	0.0	0.0	0.0	1.0
8	0.0	0.0	0.997821	0.002179
9	0.002179	0.180828	0.56427	0.252723
10	0.143791	0.381264	0.228758	0.246187
11	0.076253	0.433551	0.202614	0.287582


TF	T034290_2.00
TF Name	MYC
Gene	ENSG00000136997
Motif	M07803_2.00
Family	bHLH
Species	Homo_sapiens
Pos	A	C	G	T
1	0.0	1.0	0.0	0.0
2	1.0	0.0	0.0	0.0
3	0.0	0.994135	0.0	0.005865
4	0.211144	0.0	0.788856	0.0
5	0.0	0.202346	0.0	0.797654
6	0.0	0.0	1.0	0.0
7	0.0	0.413489586510413	0.551319448680551	0.0351909648090352
8	0.249267	0.28739	0.105572	0.357771


TF	T034290_2.00
TF Name	MYC
Gene	ENSG00000136997
Motif	M07804_2.00
Family	bHLH
Species	Homo_sapiens
Pos	A	C	G	T
1	0.395555604444396	0.17999982000018	0.228888771111229	0.195555804444196
2	0.062222	0.366667	0.513333	0.057778
3	0.002222	0.997778	0.0	0.0
4	0.957778	0.0	0.042222	0.0
5	0.0	1.0	0.0	0.0
6	0.237778	0.0	0.762222	0.0
7	0.073333	0.108889	0.0	0.817778
8	0.0	0.0	0.993333	0.006667
9	0.031111	0.102222	0.646667	0.22
10	0.108888891111109	0.466666533333467	0.217777782222218	0.206666793333207
11	0.182222	0.311111	0.215556	0.291111


TF	T034290_2.00
TF Name	MYC
Gene	ENSG00000136997
Motif	M08054_2.00
Family	bHLH
Species	Homo_sapiens
Pos	A	C	G	T
1	0.213273978146213	0.272764063132273	0.361189801700361	0.152772157021153
2	0.287535410765	0.209631728045	0.308377175233	0.194455685957
3	0.106029947389979	0.242411978955952	0.566774585187887	0.0847834884661831
4	0.00930797248077656	0.974706596519639	0.0113314447591958	0.00465398624038828
5	0.942533387292623	0.0127478753540949	0.0327802509105869	0.0119384864426952
6	0.00768919465803131	0.926345609065158	0.0317685147713054	0.0341966815055058
7	0.0592877377580297	0.0141643059490071	0.915621205989458	0.0109267503035055
8	0.0228652367462931	0.0343990287332897	0.0119384864426964	0.930797248077721
9	0.00546337515176011	0.00627276406313013	0.97936058276002	0.00890327802509018
10	0.0578713071630884	0.0955078915418809	0.757992715499848	0.0886280857951823
11	0.177863213274	0.35552407932	0.260420882234	0.206191825172
12	0.184135977337	0.333670578713	0.272157021449	0.210036422501


TF	T034290_2.00
TF Name	MYC
Gene	ENSG00000136997
Motif	M08729_2.00
Family	bHLH
Species	Homo_sapiens
Pos	A	C	G	T
1	0.348	0.202	0.382	0.068
2	0.442	0.164	0.198	0.196
3	0.158	0.218	0.574	0.05
4	0.012	0.976	0.008	0.004
5	0.948	0.0	0.038	0.014
6	0.002	0.956	0.022	0.02
7	0.306	0.004	0.688	0.002
8	0.036	0.086	0.006	0.872
9	0.006	0.004	0.97	0.02
10	0.03	0.052	0.75	0.168
11	0.14	0.43	0.21	0.22


TF	T034290_2.00
TF Name	MYC
Gene	ENSG00000136997
Motif	M09457_2.00
Family	bHLH
Species	Homo_sapiens
Pos	A	C	G	T
1	0.026	0.953	0.008	0.013
2	0.917	0.001	0.08	0.002
3	0.001	0.997	0.001	0.001
4	0.002	0.001	0.996	0.001
5	0.015	0.094	0.001	0.89
6	0.012	0.017	0.95	0.022
7	0.061	0.224	0.6	0.115
8	0.135	0.319	0.218	0.327


TF	T034290_2.00
TF Name	MYC
Gene	ENSG00000136997
Motif	M09850_2.00
Family	bHLH
Species	Homo_sapiens
Pos	A	C	G	T


TF	T034290_2.00
TF Name	MYC
Gene	ENSG00000136997
Motif	M09851_2.00
Family	bHLH
Species	Homo_sapiens
Pos	A	C	G	T


TF	T034290_2.00
TF Name	MYC
Gene	ENSG00000136997
Motif	M09852_2.00
Family	bHLH
Species	Homo_sapiens
Pos	A	C	G	T


TF	T034290_2.00
TF Name	MYC
Gene	ENSG00000136997
Motif	M09853_2.00
Family	bHLH
Species	Homo_sapiens
Pos	A	C	G	T


TF	T034290_2.00
TF Name	MYC
Gene	ENSG00000136997
Motif	M09854_2.00
Family	bHLH
Species	Homo_sapiens
Pos	A	C	G	T


TF	T328079_2.00
TF Name	SOX2
Gene	ENSG00000181449
Motif	M03519_2.00
Family	Sox
Species	Homo_sapiens
Pos	A	C	G	T
1	0.265509674845402	0.0656293636544983	0.5114701775384	0.1573907839617
2	0.971517147839566	0.00348769618291029	0.0178260027126526	0.00716915326487115
3	0.951062215477997	0.0379362670713202	0.00815629742033384	0.00284522003034901
4	0.0	0.997413964591207	0.0	0.00258603540879252
5	1.0	0.0	0.0	0.0
6	0.997017299661961	0.00298270033803937	0.0	0.0
7	0.0	0.000597966912497508	0.0	0.999402033087503
8	0.0562425209413642	0.00219385719984045	0.824092540885521	0.117471080973275
9	0.134250947536405	0.0817873528825055	0.448434071414323	0.335527628166766
10	0.0428884899261919	0.302214242968282	0.00279273887891482	0.652104528226611
11	0.998605855407289	0.000796654052977495	0.0	0.000597490539733121
12	0.000544662309368192	0.00068082788671024	0.316040305010893	0.682734204793028
13	0.0170354415508126	0.000587429018993538	0.000587429018993538	0.9817897004112
14	0.0	0.000597966912497508	0.999402033087503	0.0
15	0.00763956904995103	0.000587659157688541	0.00959843290891283	0.982174338883448
16	0.0229697956230783	0.0387050099475493	0.0314704286489419	0.90685476578043
17	0.259724715739078	0.366646718531817	0.206263714342709	0.167364851386395


TF	T328079_2.00
TF Name	SOX2
Gene	ENSG00000181449
Motif	M03520_2.00
Family	Sox
Species	Homo_sapiens
Pos	A	C	G	T
1	0.486921112568155	0.203188625854096	0.212437021188488	0.0974532403892608
2	0.0159778871435313	0.00269668981325423	0.00451695543720084	0.976808467606014
3	0.00746524210670502	0.000205465379083624	0.992329292514211	0.0
4	0.999379224720651	0.000206925093116292	0.000137950062077528	0.000275900124155056
5	0.994713716874914	0.00446244679390361	0.000755183303583688	6.86530275985171e-05
6	6.89940665102801e-05	0.00027597626604112	0.0	0.999655029667449
7	0.0777141279591414	0.000138035751259576	0.790530747463593	0.131617088826006
8	0.133006626173385	0.114853672004417	0.32827167310878	0.423868028713418
9	0.0300227758989578	0.305956242666851	0.00310580440334047	0.660915177030851
10	0.999034682479487	0.000551610011721713	0.000275805005860856	0.000137902502930428
11	0.000396555631089961	0.000566508044414231	0.178223430772717	0.820813505551779
12	0.000275900124155056	0.00034487515519382	0.0	0.999379224720651
13	0.0	0.99951710816777	0.0	0.000482891832229581
14	0.993281689175293	0.00164530061013231	0.00178240899431	0.00329060122026462
15	0.170129063427428	0.165159776382083	0.279660432051901	0.385050728138588


TF	T328079_2.00
TF Name	SOX2
Gene	ENSG00000181449
Motif	M03521_2.00
Family	Sox
Species	Homo_sapiens
Pos	A	C	G	T
1	0.298295454545455	0.176136363636364	0.372159090909091	0.153409090909091
2	0.796380090497738	0.0384615384615385	0.126696832579186	0.0384615384615385
3	0.0190217391304348	0.00543478260869565	0.0190217391304348	0.956521739130435
4	0.0	1.0	0.0	0.0
5	1.0	0.0	0.0	0.0
6	1.0	0.0	0.0	0.0
7	0.0	0.0	0.0	1.0
8	0.0538243626062323	0.0	0.838526912181303	0.107648725212465
9	0.13960113960114	0.156695156695157	0.327635327635328	0.376068376068376
10	0.0965909090909091	0.278409090909091	0.0	0.625
11	1.0	0.0	0.0	0.0
12	0.0	0.0	0.194508009153318	0.805491990846682
13	0.0	0.0	0.0	1.0
14	0.0	0.0	1.0	0.0
15	0.926315789473684	0.0	0.0131578947368421	0.0605263157894737
16	0.188888888888889	0.037037037037037	0.122222222222222	0.651851851851852
17	0.324786324786325	0.056980056980057	0.427350427350427	0.190883190883191


TF	T328079_2.00
TF Name	SOX2
Gene	ENSG00000181449
Motif	M03522_2.00
Family	Sox
Species	Homo_sapiens
Pos	A	C	G	T
1	0.167832167832168	0.251748251748252	0.34032634032634	0.24009324009324
2	0.928725701943845	0.0431965442764579	0.0172786177105832	0.0107991360691145
3	0.983981693363844	0.0137299771167048	0.0	0.0022883295194508
4	0.0	1.0	0.0	0.0
5	0.997679814385151	0.0	0.0	0.00232018561484919
6	0.763765541740675	0.232682060390764	0.0	0.00355239786856128
7	0.0	0.0	0.0	1.0
8	0.713101160862355	0.0	0.149253731343284	0.137645107794362
9	0.4	0.244186046511628	0.202325581395349	0.153488372093023
10	0.0	1.0	0.0	0.0
11	1.0	0.0	0.0	0.0
12	0.0	0.0	0.0	1.0
13	0.0	0.0	0.0	1.0
14	0.00460829493087558	0.0	0.990783410138249	0.00460829493087558
15	0.00451467268623025	0.018058690744921	0.00677200902934537	0.970654627539503
16	0.0132743362831858	0.0154867256637168	0.0199115044247788	0.951327433628319
17	0.188372093023256	0.481395348837209	0.104651162790698	0.225581395348837


TF	T328079_2.00
TF Name	SOX2
Gene	ENSG00000181449
Motif	M03523_2.00
Family	Sox
Species	Homo_sapiens
Pos	A	C	G	T
1	0.25	0.297619047619048	0.0357142857142857	0.416666666666667
2	0.794392523364486	0.14018691588785	0.0186915887850467	0.0467289719626168
3	0.021505376344086	0.0645161290322581	0.0	0.913978494623656
4	0.0	0.977011494252874	0.0229885057471264	0.0
5	1.0	0.0	0.0	0.0
6	0.80188679245283	0.19811320754717	0.0	0.0
7	0.0	0.0	0.0	1.0
8	0.841584158415842	0.0	0.0099009900990099	0.148514851485149
9	0.411764705882353	0.294117647058824	0.164705882352941	0.129411764705882
10	0.0	0.955056179775281	0.0	0.0449438202247191
11	1.0	0.0	0.0	0.0
12	0.0	0.0	0.0	1.0
13	0.0	0.0	0.0	1.0
14	0.0	0.0	1.0	0.0
15	0.988372093023256	0.0	0.0	0.0116279069767442
16	0.0104166666666667	0.0625	0.0416666666666667	0.885416666666667
17	0.423529411764706	0.341176470588235	0.0352941176470588	0.2


TF	T328079_2.00
TF Name	SOX2
Gene	ENSG00000181449
Motif	M03524_2.00
Family	Sox
Species	Homo_sapiens
Pos	A	C	G	T
1	0.466533466533467	0.0989010989010989	0.246753246753247	0.187812187812188
2	0.00785083415112856	0.00196270853778214	0.00785083415112856	0.982335623159961
3	0.00593471810089021	0.0019782393669634	0.990108803165183	0.0019782393669634
4	0.997011952191235	0.0	0.0	0.00298804780876494
5	0.88898756660746	0.109236234458259	0.0	0.00177619893428064
6	0.0	0.0	0.0	1.0
7	0.598340248962656	0.0107883817427386	0.15850622406639	0.232365145228216
8	0.360639360639361	0.254745254745255	0.178821178821179	0.205794205794206
9	0.00594648166501487	0.99207135777998	0.00198216055500496	0.0
10	0.998005982053839	0.00199401794616152	0.0	0.0
11	0.0	0.00088339222614841	0.114840989399293	0.884275618374558
12	0.0	0.0	0.0	1.0
13	0.0	0.995029821073559	0.00198807157057654	0.00298210735586481
14	0.963426371511068	0.0153994225216554	0.00577478344562079	0.0153994225216554
15	0.154845154845155	0.226773226773227	0.101898101898102	0.516483516483517


TF	T328079_2.00
TF Name	SOX2
Gene	ENSG00000181449
Motif	M05897_2.00
Family	Sox
Species	Homo_sapiens
Pos	A	C	G	T
1	0.529	0.144	0.186	0.142
2	0.993	0.001	0.001	0.005
3	0.001	0.915	0.003	0.081
4	0.996	0.001	0.001	0.002
5	0.996	0.001	0.001	0.001
6	0.332	0.003	0.001	0.664
7	0.48	0.007	0.45	0.063
8	0.245	0.126	0.616	0.013
9	0.371	0.227	0.263	0.139
10	0.305	0.219	0.232	0.245


TF	T328079_2.00
TF Name	SOX2
Gene	ENSG00000181449
Motif	M09397_2.00
Family	Sox
Species	Homo_sapiens
Pos	A	C	G	T
1	0.104	0.228	0.246	0.422
2	0.036	0.352	0.262	0.35
3	0.01	0.642	0.08	0.268
4	0.016	0.728	0.01	0.246
5	0.292	0.01	0.0	0.698
6	0.0	0.002	0.002	0.996
7	0.0	0.0	0.0	1.0
8	0.016	0.156	0.808	0.02
9	0.062	0.018	0.0	0.92
10	0.046	0.254	0.208	0.492
11	0.106	0.412	0.076	0.406
12	0.102	0.312	0.136	0.45
13	0.076	0.396	0.258	0.27


TF	T328079_2.00
TF Name	SOX2
Gene	ENSG00000181449
Motif	M11327_2.00
Family	Sox
Species	Homo_sapiens
Pos	A	C	G	T


TF	T328079_2.00
TF Name	SOX2
Gene	ENSG00000181449
Motif	M11328_2.00
Family	Sox
Species	Homo_sapiens
Pos	A	C	G	T


TF	T328079_2.00
TF Name	SOX2
Gene	ENSG00000181449
Motif	M11329_2.00
Family	Sox
Species	Homo_sapiens
Pos	A	C	G	T


TF	T328079_2.00
TF Name	SOX2
Gene	ENSG00000181449
Motif	M11330_2.00
Family	Sox
Species	Homo_sapiens
Pos	A	C	G	T


TF	T238200_2.00
TF Name	POU5F1
Gene	ENSG00000204531
Motif	M05501_2.00
Family	Homeodomain,POU
Species	Homo_sapiens
Pos	A	C	G	T
1	0.303787103377687	0.231832139201638	0.288024564994882	0.176356192425793
2	0.444977991196479	0.129851940776311	0.218554088301987	0.206615979725223
3	0.296343115124154	0.0337697516930023	0.0840632054176072	0.585823927765237
4	0.0207937618714386	0.00249925022493252	0.0	0.976706987903629
5	1.0	0.0	0.0	0.0
6	0.00010230179028133	0.00010230179028133	0.00030690537084399	0.999488491048593
7	0.000306873977086743	0.000306873977086743	0.999386252045827	0.0
8	0.00124797204542618	0.60963434419069	0.0207163359540746	0.368401347809809
9	0.464661406969099	5.47885163269779e-05	0.0	0.535283804514574
10	0.999590750971966	0.000204624514016779	0.00010231225700839	0.00010231225700839
11	0.999897656329956	0.0	0.000102343670044008	0.0
12	0.00428047289033836	0.0	0.0	0.995719527109662
13	0.00778785488958991	0.0290812302839117	0.441443217665615	0.521687697160883
14	0.649860316615671	0.0527471065584675	0.147399228415591	0.14999334841027
15	0.378266850068776	0.199220541036222	0.368332569157879	0.0541800397371236
16	0.0775844421699079	0.239201637666325	0.449846468781986	0.233367451381781


TF	T238200_2.00
TF Name	POU5F1
Gene	ENSG00000204531
Motif	M05502_2.00
Family	Homeodomain,POU
Species	Homo_sapiens
Pos	A	C	G	T
1	0.328287017834923	0.0541269182911655	0.185192866030693	0.432393197843219
2	0.13296308395949	0.0468801045409997	0.0325057170859196	0.78765109441359
3	0.941429129246388	0.0175712612260836	0.011518937914877	0.0294806716126513
4	0.000408997955010225	0.0112474437627812	0.00224948875255624	0.986094069529652
5	0.0109511255323464	0.00223078483066315	0.977894950314338	0.00892313932265261
6	0.000413992962119644	0.998137031670462	0.000620989443179466	0.000827985924239288
7	0.000828328846552081	0.0	0.998550424518534	0.000621246634914061
8	0.00994116453641712	0.978291742747007	0.00162304727125178	0.0101440454453236
9	0.991976959473359	0.0	0.00678872659946513	0.00123431392717548
10	0.027526543452615	0.011010617381046	0.0133700353912702	0.948092803775069
11	0.802329450915141	0.0267886855241265	0.037603993344426	0.133277870216306
12	0.427742069251503	0.179763632593821	0.0543230354551109	0.338171262699565


TF	T238200_2.00
TF Name	POU5F1
Gene	ENSG00000204531
Motif	M05503_2.00
Family	Homeodomain,POU
Species	Homo_sapiens
Pos	A	C	G	T
1	0.289743094456249	0.237589337454124	0.299014873478849	0.173652694610778
2	0.468729810052978	0.100788215531722	0.230262307791704	0.200219666623595
3	0.288910250808354	0.0207113519182033	0.0744559993008826	0.61592239797256
4	0.0122845443291115	0.00161889343872012	9.5229025807066e-05	0.986001333206361
5	0.999613825062753	9.65437343116432e-05	0.0	0.00028963120293493
6	0.000482625482625483	0.0	9.65250965250965e-05	0.999420849420849
7	9.65250965250965e-05	0.000482625482625483	0.999420849420849	0.0
8	0.000828892835997632	0.613025458851391	0.0177619893428064	0.368383658969805
9	0.426377147908724	0.000110503342726117	0.00143654345543953	0.57207580529311
10	0.999035121574682	0.000385951370127364	0.000482439212659205	9.6487842531841e-05
11	0.999903428295509	0.0	0.0	9.65717044905843e-05
12	0.00258843830888697	0.00479340427571661	0.0	0.992618157415396
13	0.00435276305828917	0.0158970476911431	0.505488266464799	0.474261922785768
14	0.720679334586204	0.0367508874504072	0.138511867474073	0.104057910489316
15	0.398090428469976	0.144874930955575	0.418922117888424	0.0381125226860254
16	0.0633510381458233	0.227522935779817	0.491936262675036	0.217189763399324


TF	T238200_2.00
TF Name	POU5F1
Gene	ENSG00000204531
Motif	M05504_2.00
Family	Homeodomain,POU
Species	Homo_sapiens
Pos	A	C	G	T
1	0.254014823965411	0.248919085855466	0.152408894379246	0.344657195799876
2	0.0508198942946199	0.369426751592357	0.0718254506030628	0.507927903509961
3	0.308928019771393	0.118782823602101	0.396818041396355	0.175471115230151
4	0.0382673398883869	0.860217911241031	0.00146159978740367	0.100053149083178
5	0.00277008310249307	0.000615574022776239	0.996306555863343	0.000307787011388119
6	0.104710595386103	0.894322420223788	0.000414421881475342	0.000552562508633789
7	0.948849479701011	0.0233035321705994	0.0052762714348527	0.0225707166935366
8	0.0012326656394453	0.0012326656394453	0.0	0.997534668721109
9	0.995234435049962	0.000922367409684858	0.000768639508070715	0.00307455803228286
10	0.875574790370571	0.0313767919935082	0.0093318907222072	0.0837165269137138
11	0.0175515577007459	0.0292525961679099	0.00628930817610063	0.946906537955243
12	0.0301072110442062	0.011161697752974	0.00793067998237627	0.950800411220444
13	0.92644533485976	0.00529479107040641	0.0143102461362335	0.0539496279336005
14	0.686487248133014	0.0336762012117796	0.225870085951811	0.0539664647033958
15	0.0940685820203892	0.312789620018536	0.158016682113068	0.435125115848007


TF	T238200_2.00
TF Name	POU5F1
Gene	ENSG00000204531
Motif	M05875_2.00
Family	Homeodomain,POU
Species	Homo_sapiens
Pos	A	C	G	T
1	0.348	0.196	0.188	0.268
2	0.318	0.097	0.206	0.38
3	0.129	0.083	0.047	0.741
4	0.968	0.001	0.014	0.017
5	0.002	0.005	0.001	0.992
6	0.001	0.001	0.901	0.097
7	0.025	0.514	0.091	0.369
8	0.594	0.001	0.01	0.395
9	0.727	0.019	0.13	0.124
10	0.97	0.002	0.007	0.021
11	0.134	0.043	0.08	0.743
12	0.188	0.136	0.247	0.43


TF	T238200_2.00
TF Name	POU5F1
Gene	ENSG00000204531
Motif	M07976_2.00
Family	Homeodomain,POU
Species	Homo_sapiens
Pos	A	C	G	T
1	0.125326	0.263708	0.281984	0.328982
2	0.0626630626630627	0.537859537859538	0.127937127937128	0.271540271540272
3	0.065274	0.62141	0.05483	0.258486
4	0.430809	0.031332	0.007833	0.530026
5	0.005222	0.013055	0.015666	0.966057
6	0.039164	0.005222	0.036554	0.91906
7	0.0861619138380862	0.24020875979124	0.637075362924637	0.0365539634460366
8	0.24282	0.0	0.023499	0.733681
9	0.133159	0.334204	0.093995	0.438642
10	0.992167	0.0	0.002611	0.005222
11	0.002611	0.0	0.002611	0.994778
12	0.0	0.0	0.91906	0.08094
13	0.007833	0.741514	0.099217	0.151436
14	0.822454822454822	0.0156660156660157	0.0391640391640392	0.122715122715123
15	0.53002653002653	0.0704960704960705	0.274151274151274	0.125326125326125
16	0.751958	0.078329	0.093995	0.075718
17	0.198433	0.146214	0.109661	0.545692


TF	T238200_2.00
TF Name	POU5F1
Gene	ENSG00000204531
Motif	M08141_2.00
Family	Homeodomain,POU
Species	Homo_sapiens
Pos	A	C	G	T
1	0.379899344212	0.098368156169	0.152203751716	0.369528747903
2	0.274744547811	0.212368461187	0.145493365869	0.367393625133
3	0.96789690407199	0.00930303492450991	0.0174622540795998	0.00533780692389995
4	0.00632911392405253	0.00991307000153396	0.00510904377002204	0.978648772304391
5	0.0546743937776219	0.0146408418484059	0.882339484520353	0.0483452798536193
6	0.0406435870062593	0.786182705505214	0.0417874027756582	0.131386304712869
7	0.896446545676359	0.010065578770804	0.0089980173860036	0.0844898581668338
8	0.805246301662322	0.0526155253927211	0.0782369986274313	0.0639011743175256
9	0.936403843221	0.0205886838493	0.0195973768492	0.0234100960805
10	0.194906207107	0.160439225255	0.157922830563	0.486731737075
11	0.265060240964	0.186823242336	0.270779319811	0.277337196889


TF	T238200_2.00
TF Name	POU5F1
Gene	ENSG00000204531
Motif	M09222_2.00
Family	Homeodomain,POU
Species	Homo_sapiens
Pos	A	C	G	T
1	0.052	0.52	0.194	0.234
2	0.074	0.53	0.08	0.316
3	0.39	0.044	0.04	0.526
4	0.02	0.064	0.024	0.892
5	0.072	0.022	0.028	0.878
6	0.104	0.314	0.516	0.066
7	0.38	0.036	0.032	0.552
8	0.176	0.25	0.1	0.474
9	0.884	0.02	0.032	0.064
10	0.014	0.002	0.016	0.968
11	0.012	0.008	0.922	0.058
12	0.014	0.76	0.094	0.132
13	0.79	0.02	0.03	0.16
14	0.62	0.06	0.254	0.066
15	0.83	0.036	0.068	0.066
16	0.16	0.138	0.122	0.58


TF	T238200_2.00
TF Name	POU5F1
Gene	ENSG00000204531
Motif	M10851_2.00
Family	Homeodomain,POU
Species	Homo_sapiens
Pos	A	C	G	T


TF	T238200_2.00
TF Name	POU5F1
Gene	ENSG00000204531
Motif	M10852_2.00
Family	Homeodomain,POU
Species	Homo_sapiens
Pos	A	C	G	T


TF	T238200_2.00
TF Name	POU5F1
Gene	ENSG00000204531
Motif	M10853_2.00
Family	Homeodomain,POU
Species	Homo_sapiens
Pos	A	C	G	T


TF	T238200_2.00
TF Name	POU5F1
Gene	ENSG00000204531
Motif	M10854_2.00
Family	Homeodomain,POU
Species	Homo_sapiens
Pos	A	C	G	T


TF	T094932_2.00
TF Name	KLF4
Gene	ENSG00000136826
Motif	M04463_2.00
Family	C2H2 ZF
Species	Homo_sapiens
Pos	A	C	G	T
1	0.190878647743582	0.355445702439802	0.276351459097433	0.177324190719184
2	0.359409190371991	0.229868708971554	0.326695842450766	0.0840262582056893
3	0.124730939163929	0.710433896000906	0.0850798685850232	0.0797552962501416
4	0.125031895891809	0.800076550140342	0.0361061495279408	0.0387854044399081
5	0.707974756167527	0.191480206540448	0.0679862306368331	0.0325588066551922
6	0.00981143645561858	0.961367468956002	0.0	0.0288210945883796
7	0.360935584268603	0.00575308874846741	0.591436385928511	0.0418749410544186
8	0.0	0.995712924738012	0.0	0.00428707526198793
9	0.032262996941896	0.958868501529052	0.0036697247706422	0.00519877675840979
10	0.00720668780628423	0.903862784664168	0.0223407321994811	0.0665897953300663
11	0.410845295055821	0.267783094098884	0.0679425837320574	0.253429027113238


TF	T094932_2.00
TF Name	KLF4
Gene	ENSG00000136826
Motif	M04464_2.00
Family	C2H2 ZF
Species	Homo_sapiens
Pos	A	C	G	T
1	0.167449139280125	0.435250391236307	0.180164319248826	0.217136150234742
2	0.317535545023697	0.228541337546077	0.355450236966825	0.0984728804634018
3	0.0496811010406177	0.858006042296072	0.0312185297079557	0.0610943269553541
4	0.0689313984168865	0.843007915567282	0.0486477572559367	0.0394129287598945
5	0.536106609040158	0.384296776517198	0.0450207095263821	0.0345759049162615
6	0.0	0.96054114994363	0.00244269071777527	0.0370161593385945
7	0.335845896147404	0.0	0.611629576453697	0.0525245273988993
8	0.0	0.997268825595006	0.0	0.00273117440499415
9	0.0109953703703704	0.986111111111111	0.00270061728395062	0.000192901234567901
10	0.0	0.961806208842897	0.00865475070555033	0.0295390404515522
11	0.380943063979652	0.229896302093524	0.15006847974956	0.239092154177265


TF	T094932_2.00
TF Name	KLF4
Gene	ENSG00000136826
Motif	M08091_2.00
Family	C2H2 ZF
Species	Homo_sapiens
Pos	A	C	G	T
1	0.270381836945	0.496388028896	0.130030959752	0.103199174407
2	0.120743034055879	0.668730650154331	0.108359133126892	0.102167182662898
3	0.953560371517	0.0144478844169	0.0185758513932	0.0134158926729
4	0.00825593395252678	0.978328173374619	0.00619195046439759	0.00722394220845718
5	0.856553147574974	0.00206398348812994	0.126934984519996	0.0144478844168996
6	0.013415892672904	0.943240454076283	0.0185758513932056	0.0247678018576074
7	0.029927760577903	0.938080495356094	0.0175438596491018	0.0144478844169014
8	0.0154798761609944	0.962848297213653	0.00412796697625851	0.0175438596490937
9	0.267285861712893	0.0743034055727703	0.0402476780185839	0.618163054695753
10	0.189886480908	0.287925696594	0.292053663571	0.230134158927
11	0.237358101135237	0.304437564499304	0.208462332301208	0.24974200206425


TF	T094932_2.00
TF Name	KLF4
Gene	ENSG00000136826
Motif	M08243_2.00
Family	C2H2 ZF
Species	Homo_sapiens
Pos	A	C	G	T
1	0.215541	0.064761	0.660954	0.058745
2	0.066731	0.874843	0.030022	0.028404
3	0.028826	0.899686	0.010613	0.060875
4	0.470176	0.501722	0.018427	0.009675
5	0.007831	0.98364	0.00346	0.005068
6	0.49183	0.002536	0.441938	0.063696
7	0.003685	0.984801	0.008289	0.003225
8	0.002997	0.990776	0.003	0.003227
9	0.001386	0.976252	0.002081	0.02028
10	0.407052	0.235703	0.018688	0.338558


TF	T094932_2.00
TF Name	KLF4
Gene	ENSG00000136826
Motif	M08894_2.00
Family	C2H2 ZF
Species	Homo_sapiens
Pos	A	C	G	T
1	0.25	0.068	0.628	0.054
2	0.066	0.882	0.038	0.014
3	0.048	0.886	0.016	0.05
4	0.554	0.438	0.004	0.004
5	0.0	0.992	0.004	0.004
6	0.526	0.004	0.444	0.026
7	0.006	0.978	0.004	0.012
8	0.006	0.992	0.0	0.002
9	0.004	0.988	0.0	0.008
10	0.356	0.204	0.02	0.42


TF	T094932_2.00
TF Name	KLF4
Gene	ENSG00000136826
Motif	M10217_2.00
Family	C2H2 ZF
Species	Homo_sapiens
Pos	A	C	G	T


TF	T094932_2.00
TF Name	KLF4
Gene	ENSG00000136826
Motif	M10218_2.00
Family	C2H2 ZF
Species	Homo_sapiens
Pos	A	C	G	T


TF	T094932_2.00
TF Name	KLF4
Gene	ENSG00000136826
Motif	M10219_2.00
Family	C2H2 ZF
Species	Homo_sapiens
Pos	A	C	G	T


TF	T094932_2.00
TF Name	KLF4
Gene	ENSG00000136826
Motif	M10220_2.00
Family	C2H2 ZF
Species	Homo_sapiens
Pos	A	C	G	T


